<script src="https://cdn.plot.ly/plotly-latest.min.js"></script>    <div id="9b8b36ba-3ae1-4bc9-bbe9-4d29f32ab959" style="width:600px;height:400px;"></div>
    <script>
    PLOT = document.getElementById('9b8b36ba-3ae1-4bc9-bbe9-4d29f32ab959');
    Plotly.plot(PLOT, [{"yaxis":"y","y":[-3.0,-2.9393939393939394,-2.878787878787879,-2.8181818181818183,-2.757575757575758,-2.696969696969697,-2.6363636363636362,-2.5757575757575757,-2.515151515151515,-2.4545454545454546,-2.393939393939394,-2.3333333333333335,-2.272727272727273,-2.212121212121212,-2.1515151515151514,-2.090909090909091,-2.0303030303030303,-1.9696969696969697,-1.9090909090909092,-1.8484848484848484,-1.7878787878787878,-1.7272727272727273,-1.6666666666666667,-1.606060606060606,-1.5454545454545454,-1.4848484848484849,-1.4242424242424243,-1.3636363636363635,-1.303030303030303,-1.2424242424242424,-1.1818181818181819,-1.121212121212121,-1.0606060606060606,-1.0,-0.9393939393939394,-0.8787878787878788,-0.8181818181818182,-0.7575757575757576,-0.696969696969697,-0.6363636363636364,-0.5757575757575758,-0.5151515151515151,-0.45454545454545453,-0.3939393939393939,-0.3333333333333333,-0.2727272727272727,-0.21212121212121213,-0.15151515151515152,-0.09090909090909091,-0.030303030303030304,0.030303030303030304,0.09090909090909091,0.15151515151515152,0.21212121212121213,0.2727272727272727,0.3333333333333333,0.3939393939393939,0.45454545454545453,0.5151515151515151,0.5757575757575758,0.6363636363636364,0.696969696969697,0.7575757575757576,0.8181818181818182,0.8787878787878788,0.9393939393939394,1.0,1.0606060606060606,1.121212121212121,1.1818181818181819,1.2424242424242424,1.303030303030303,1.3636363636363635,1.4242424242424243,1.4848484848484849,1.5454545454545454,1.606060606060606,1.6666666666666667,1.7272727272727273,1.7878787878787878,1.8484848484848484,1.9090909090909092,1.9696969696969697,2.0303030303030303,2.090909090909091,2.1515151515151514,2.212121212121212,2.272727272727273,2.3333333333333335,2.393939393939394,2.4545454545454546,2.515151515151515,2.5757575757575757,2.6363636363636362,2.696969696969697,2.757575757575758,2.8181818181818183,2.878787878787879,2.9393939393939394,3.0],"colorscale":[[0.0,"rgb(0, 0, 4)"],[0.034482758620689655,"rgb(4, 3, 20)"],[0.06896551724137931,"rgb(13, 8, 41)"],[0.10344827586206896,"rgb(24, 12, 60)"],[0.13793103448275862,"rgb(38, 12, 81)"],[0.1724137931034483,"rgb(54, 9, 97)"],[0.20689655172413793,"rgb(69, 10, 105)"],[0.2413793103448276,"rgb(84, 15, 109)"],[0.27586206896551724,"rgb(97, 19, 110)"],[0.3103448275862069,"rgb(111, 25, 110)"],[0.3448275862068966,"rgb(125, 30, 109)"],[0.3793103448275862,"rgb(140, 35, 105)"],[0.41379310344827586,"rgb(154, 40, 101)"],[0.4482758620689655,"rgb(166, 45, 96)"],[0.4827586206896552,"rgb(180, 51, 89)"],[0.5172413793103449,"rgb(193, 58, 80)"],[0.5517241379310345,"rgb(206, 67, 71)"],[0.5862068965517241,"rgb(216, 76, 62)"],[0.6206896551724138,"rgb(226, 87, 52)"],[0.6551724137931034,"rgb(235, 100, 41)"],[0.6896551724137931,"rgb(241, 115, 29)"],[0.7241379310344828,"rgb(247, 130, 18)"],[0.7586206896551724,"rgb(250, 144, 8)"],[0.7931034482758621,"rgb(252, 161, 8)"],[0.8275862068965517,"rgb(252, 178, 22)"],[0.8620689655172413,"rgb(250, 196, 42)"],[0.896551724137931,"rgb(246, 213, 67)"],[0.9310344827586207,"rgb(243, 229, 93)"],[0.9655172413793104,"rgb(242, 244, 130)"],[1.0,"rgb(252, 255, 164)"]],"showlegend":false,"name":"y1","type":"surface","xaxis":"x","z":[[0.03475351096021475,0.018962903264295502,0.00047354674590727007,-0.01840861068047214,-0.03547640821650937,-0.048873476009833945,-0.05727014950913946,-0.05995390010504278,-0.056837594557184956,-0.04839847844436039,-0.03556665155898928,-0.019584050768482686,-0.001854142568064863,0.016200512907276046,0.033260018639209986,0.04820023133056713,0.06015380187007058,0.06853968872898075,0.07306461108578766,0.0737018064236279,0.07065336997860472,0.06430253618909473,0.05516172012651035,0.0438211862192059,0.030902052497195322,0.01701613732813546,0.0027340363647321755,-0.011438138607467428,-0.025073677620159104,-0.03783269992634369,-0.049463273556833484,-0.05979756346102941,-0.06874435757912488,-0.07627922991604114,-0.08243344182656966,-0.08728248822518077,-0.09093498923816623,-0.09352242848963371,-0.09519005931372689,-0.09608914705082301,-0.09637059234241926,-0.09617988696367917,-0.09565328804263745,-0.09491505503214004,-0.0940755724423471,-0.09323017594326673,-0.09245850612193356,-0.09182422954186219,-0.0913749880283043,-0.091142462150979,-0.091142462150979,-0.0913749880283043,-0.09182422954186219,-0.09245850612193356,-0.09323017594326673,-0.0940755724423471,-0.09491505503214004,-0.09565328804263745,-0.09617988696367917,-0.09637059234241926,-0.09608914705082301,-0.09519005931372689,-0.09352242848963371,-0.09093498923816623,-0.08728248822518077,-0.08243344182656966,-0.07627922991604114,-0.06874435757912488,-0.05979756346102941,-0.049463273556833484,-0.03783269992634369,-0.025073677620159104,-0.011438138607467428,0.0027340363647321755,0.01701613732813546,0.030902052497195322,0.0438211862192059,0.05516172012651035,0.06430253618909473,0.07065336997860472,0.0737018064236279,0.07306461108578766,0.06853968872898075,0.06015380187007058,0.04820023133056713,0.033260018639209986,0.016200512907276046,-0.001854142568064863,-0.019584050768482686,-0.03556665155898928,-0.04839847844436039,-0.056837594557184956,-0.05995390010504278,-0.05727014950913946,-0.048873476009833945,-0.03547640821650937,-0.01840861068047214,0.00047354674590727007,0.018962903264295502,0.03475351096021475],[0.018962903264295502,7.187426092730623e-5,-0.019195233896136626,-0.03649112005850938,-0.04984883874923802,-0.05787706950571965,-0.05985993480669266,-0.05576452799247511,-0.046170509789500026,-0.032143070340265846,-0.015073271146673643,0.0034910975346963556,0.022004520469931073,0.03905807123823168,0.05348011343759115,0.06439983560848847,0.07127460465589637,0.07388551194417181,0.07230763060431251,0.06686247828585548,0.05806017725498972,0.04653807291682288,0.03300137468104094,0.01816996045444777,0.002734036364732028,-0.012679987095247567,-0.02753315898003286,-0.04138780706444462,-0.053912719250637606,-0.06488123867268727,-0.07416395831864828,-0.08171767095174251,-0.08757208300787693,-0.09181558092786998,-0.09458108255700548,-0.09603274440763014,-0.09635404917658456,-0.09573758083872802,-0.09437661437393845,-0.09245850612193356,-0.0901597675862658,-0.08764263647217793,-0.0850529187168525,-0.08251885860311572,-0.08015079518200754,-0.07804137712059254,-0.07626613045010078,-0.07488420109251209,-0.07393912394184907,-0.07345950093442907,-0.07345950093442907,-0.07393912394184907,-0.07488420109251209,-0.07626613045010078,-0.07804137712059254,-0.08015079518200754,-0.08251885860311572,-0.0850529187168525,-0.08764263647217793,-0.0901597675862658,-0.09245850612193356,-0.09437661437393845,-0.09573758083872802,-0.09635404917658456,-0.09603274440763014,-0.09458108255700548,-0.09181558092786998,-0.08757208300787693,-0.08171767095174251,-0.07416395831864828,-0.06488123867268727,-0.053912719250637606,-0.04138780706444462,-0.02753315898003286,-0.012679987095247567,0.002734036364732028,0.01816996045444777,0.03300137468104094,0.04653807291682288,0.05806017725498972,0.06686247828585548,0.07230763060431251,0.07388551194417181,0.07127460465589637,0.06439983560848847,0.05348011343759115,0.03905807123823168,0.022004520469931073,0.0034910975346963556,-0.015073271146673643,-0.032143070340265846,-0.046170509789500026,-0.05576452799247511,-0.05985993480669266,-0.05787706950571965,-0.04984883874923802,-0.03649112005850938,-0.019195233896136626,7.187426092730623e-5,0.018962903264295502],[0.00047354674590727007,-0.019195233896136626,-0.036826005816449583,-0.050321660848630885,-0.058205000048028546,-0.059732260877610105,-0.05490321485513909,-0.04438335386255481,-0.029361989640774674,-0.011373505006109655,0.00789181812941219,0.026764914874849083,0.04374634636362066,0.057615873438455985,0.06749931084780977,0.07289405592194106,0.07365861126164626,0.06997387505666412,0.062285044813034006,0.05123289890807508,0.03758228556582695,0.02215417586382085,0.005765915310254506,-0.010817425637367577,-0.026919274858001975,-0.04197533183300055,-0.05554584967251127,-0.06731804141427382,-0.07710058496225375,-0.0848123104122944,-0.09046707130028739,-0.0941565863479589,-0.09603274440763013,-0.09629053775889478,-0.09515246272418017,-0.09285492648193465,-0.08963694032113707,-0.08573116988994442,-0.0813572536345757,-0.0767171886489566,-0.0719925128515004,-0.06734297662903907,-0.06290638828684361,-0.058799328590470795,-0.05511845395264815,-0.051942140041338694,-0.0493322535579627,-0.04733587659239368,-0.04598684328335552,-0.045306981384053646,-0.045306981384053646,-0.04598684328335552,-0.04733587659239368,-0.0493322535579627,-0.051942140041338694,-0.05511845395264815,-0.058799328590470795,-0.06290638828684361,-0.06734297662903907,-0.0719925128515004,-0.0767171886489566,-0.0813572536345757,-0.08573116988994442,-0.08963694032113707,-0.09285492648193465,-0.09515246272418017,-0.09629053775889478,-0.09603274440763013,-0.0941565863479589,-0.09046707130028739,-0.0848123104122944,-0.07710058496225375,-0.06731804141427382,-0.05554584967251127,-0.04197533183300055,-0.026919274858001975,-0.010817425637367577,0.005765915310254506,0.02215417586382085,0.03758228556582695,0.05123289890807508,0.062285044813034006,0.06997387505666412,0.07365861126164626,0.07289405592194106,0.06749931084780977,0.057615873438455985,0.04374634636362066,0.026764914874849083,0.00789181812941219,-0.011373505006109655,-0.029361989640774674,-0.04438335386255481,-0.05490321485513909,-0.059732260877610105,-0.058205000048028546,-0.050321660848630885,-0.036826005816449583,-0.019195233896136626,0.00047354674590727007],[-0.01840861068047214,-0.03649112005850938,-0.050321660848630885,-0.058308221410719875,-0.059648882459350905,-0.05434886494053192,-0.04313818715750749,-0.02731616820924961,-0.008553425877257595,0.011318537552015432,0.03050436706180833,0.04740930911339422,0.060759395290390726,0.06967290300436259,0.07368478772371626,0.07273035710549086,0.06709730662583116,0.05735645597558265,0.04428138295759221,0.028766003329604887,0.011747367722251831,-0.005861113521331393,-0.02322286658179269,-0.039616473817696764,-0.054459338281440735,-0.06731804141427382,-0.07790747462199386,-0.08608120072132211,-0.09181558092786993,-0.09519005931372689,-0.09636570197211192,-0.09556370805244255,-0.09304519877782962,-0.08909318998932073,-0.08399729225401581,-0.07804137712059264,-0.07149420611589337,-0.064602840646709,-0.05758853111062373,-0.050644714129602975,-0.0439367183193014,-0.03760278157171162,-0.031756007256134214,-0.026486924990895618,-0.021866367096994965,-0.01794841941476103,-0.014773251191051632,-0.012369670870076429,-0.010757291593352723,-0.009948221681402233,-0.009948221681402233,-0.010757291593352723,-0.012369670870076429,-0.014773251191051632,-0.01794841941476103,-0.021866367096994965,-0.026486924990895618,-0.031756007256134214,-0.03760278157171162,-0.0439367183193014,-0.050644714129602975,-0.05758853111062373,-0.064602840646709,-0.07149420611589337,-0.07804137712059264,-0.08399729225401581,-0.08909318998932073,-0.09304519877782962,-0.09556370805244255,-0.09636570197211192,-0.09519005931372689,-0.09181558092786993,-0.08608120072132211,-0.07790747462199386,-0.06731804141427382,-0.054459338281440735,-0.039616473817696764,-0.02322286658179269,-0.005861113521331393,0.011747367722251831,0.028766003329604887,0.04428138295759221,0.05735645597558265,0.06709730662583116,0.07273035710549086,0.07368478772371626,0.06967290300436259,0.060759395290390726,0.04740930911339422,0.03050436706180833,0.011318537552015432,-0.008553425877257595,-0.02731616820924961,-0.04313818715750749,-0.05434886494053192,-0.059648882459350905,-0.058308221410719875,-0.050321660848630885,-0.03649112005850938,-0.01840861068047214],[-0.03547640821650937,-0.04984883874923802,-0.058205000048028546,-0.059648882459350905,-0.05415786271707154,-0.04249982253093014,-0.026066139610425774,-0.0066547174358564665,0.013762803054882427,0.033260018639209764,0.050138647182591,0.0630615965131498,0.07113086413408783,0.0739120796069064,0.07141286943945355,0.06402558138472224,0.052446346218655376,0.037582285565827066,0.020457312289860325,0.0021248625088405412,-0.016406541289628963,-0.03423142883611155,-0.05058793338430429,-0.06488123867268727,-0.07669170237277102,-0.08577026047024693,-0.09202411402093395,-0.09549574658669427,-0.09633810628662444,-0.09478839938104171,-0.09114246215097907,-0.08573116988994442,-0.07889985522179306,-0.07099127585358866,-0.062332313186464615,-0.05322430521186588,-0.043936718319301564,-0.034703735566374114,-0.025723272630136348,-0.017157914570058108,-0.009137284162996546,-0.0017613943928932354,0.004895406226152272,0.010780224473197318,0.0158574158799732,0.020104588968500252,0.02350897690675739,0.026064289948371455,0.027768127306506466,0.02862000048372411,0.02862000048372411,0.027768127306506466,0.026064289948371455,0.02350897690675739,0.020104588968500252,0.0158574158799732,0.010780224473197318,0.004895406226152272,-0.0017613943928932354,-0.009137284162996546,-0.017157914570058108,-0.025723272630136348,-0.034703735566374114,-0.043936718319301564,-0.05322430521186588,-0.062332313186464615,-0.07099127585358866,-0.07889985522179306,-0.08573116988994442,-0.09114246215097907,-0.09478839938104171,-0.09633810628662444,-0.09549574658669427,-0.09202411402093395,-0.08577026047024693,-0.07669170237277102,-0.06488123867268727,-0.05058793338430429,-0.03423142883611155,-0.016406541289628963,0.0021248625088405412,0.020457312289860325,0.037582285565827066,0.052446346218655376,0.06402558138472224,0.07141286943945355,0.0739120796069064,0.07113086413408783,0.0630615965131498,0.050138647182591,0.033260018639209764,0.013762803054882427,-0.0066547174358564665,-0.026066139610425774,-0.04249982253093014,-0.05415786271707154,-0.059648882459350905,-0.058205000048028546,-0.04984883874923802,-0.03547640821650937],[-0.048873476009833945,-0.05787706950571965,-0.059732260877610105,-0.05434886494053192,-0.04249982253093014,-0.02564583016703022,-0.005700354242582177,0.015226426687255445,0.03507071356116428,0.0520192108181888,0.06465794381737491,0.07205906046598767,0.07380726631048576,0.06997387505666404,0.06105046706433347,0.047855914262798595,0.03143038980077495,0.01292841831168615,-0.006479435171624683,-0.02568950066833795,-0.043728683223675735,-0.059797563461029525,-0.07329366551495248,-0.0838171429396773,-0.09116207016809172,-0.09529695564715612,-0.09633810628662443,-0.0945191796125809,-0.0901597675862658,-0.08363526055611807,-0.07534961973688857,-0.06571210036131293,-0.05511845395264799,-0.0439367183193014,-0.03249738502328295,-0.02108751284003092,-0.009948221681402036,0.0007250598321250886,0.010780224473197625,0.020104588968500557,0.028620000483724414,0.03627740049796593,0.04305121650522264,0.04893387112961096,0.05393062452746853,0.05805490240384508,0.06132421005139674,0.06375669276918788,0.06536837418767036,0.06617108514408475,0.06617108514408475,0.06536837418767036,0.06375669276918788,0.06132421005139674,0.05805490240384508,0.05393062452746853,0.04893387112961096,0.04305121650522264,0.03627740049796593,0.028620000483724414,0.020104588968500557,0.010780224473197625,0.0007250598321250886,-0.009948221681402036,-0.02108751284003092,-0.03249738502328295,-0.0439367183193014,-0.05511845395264799,-0.06571210036131293,-0.07534961973688857,-0.08363526055611807,-0.0901597675862658,-0.0945191796125809,-0.09633810628662443,-0.09529695564715612,-0.09116207016809172,-0.0838171429396773,-0.07329366551495248,-0.059797563461029525,-0.043728683223675735,-0.02568950066833795,-0.006479435171624683,0.01292841831168615,0.03143038980077495,0.047855914262798595,0.06105046706433347,0.06997387505666404,0.07380726631048576,0.07205906046598767,0.06465794381737491,0.0520192108181888,0.03507071356116428,0.015226426687255445,-0.005700354242582177,-0.02564583016703022,-0.04249982253093014,-0.05434886494053192,-0.059732260877610105,-0.05787706950571965,-0.048873476009833945],[-0.05727014950913946,-0.05985993480669266,-0.05490321485513909,-0.04313818715750749,-0.026066139610425774,-0.005700354242582177,0.015713653685842745,0.035967523774353465,0.053118605682531725,0.06565800487107233,0.07260946142315387,0.07356014521131685,0.0686319537290945,0.05840674722938772,0.0438211862192059,0.026046811275936246,0.006369275392644858,-0.013922179674435922,-0.03362723509494303,-0.05170456635165003,-0.06731804141427382,-0.07986003888374649,-0.08895463404734089,-0.09444448183908079,-0.09636570197211192,-0.09491505503214004,-0.09041331964074859,-0.08326816977941574,-0.07393912394184907,-0.06290638828684361,-0.050644714129602975,-0.03760278157171162,-0.02418813018505373,-0.010757291593352626,0.0023894679939862875,0.015009528647390868,0.026916208869628453,0.037974744712024534,0.04809667211061572,0.057233239573389445,0.06536837418767025,0.07251161624620638,0.07869133506355894,0.08394844644511484,0.08833077410445078,0.09188813455311089,0.09466817765477162,0.09671298219627077,0.09805638588854546,0.09872202020131066,0.09872202020131066,0.09805638588854546,0.09671298219627077,0.09466817765477162,0.09188813455311089,0.08833077410445078,0.08394844644511484,0.07869133506355894,0.07251161624620638,0.06536837418767025,0.057233239573389445,0.04809667211061572,0.037974744712024534,0.026916208869628453,0.015009528647390868,0.0023894679939862875,-0.010757291593352626,-0.02418813018505373,-0.03760278157171162,-0.050644714129602975,-0.06290638828684361,-0.07393912394184907,-0.08326816977941574,-0.09041331964074859,-0.09491505503214004,-0.09636570197211192,-0.09444448183908079,-0.08895463404734089,-0.07986003888374649,-0.06731804141427382,-0.05170456635165003,-0.03362723509494303,-0.013922179674435922,0.006369275392644858,0.026046811275936246,0.0438211862192059,0.05840674722938772,0.0686319537290945,0.07356014521131685,0.07260946142315387,0.06565800487107233,0.053118605682531725,0.035967523774353465,0.015713653685842745,-0.005700354242582177,-0.026066139610425774,-0.04313818715750749,-0.05490321485513909,-0.05985993480669266,-0.05727014950913946],[-0.05995390010504278,-0.05576452799247511,-0.04438335386255481,-0.02731616820924961,-0.0066547174358564665,0.015226426687255445,0.035967523774353465,0.05348011343759115,0.06613837806443759,0.07289405592194108,0.07331486460312286,0.0675553066586418,0.05627464318629486,0.04051970029788532,0.021590387067495633,0.0009039670197524728,-0.020129049242266328,-0.0402083448620944,-0.058221409097239565,-0.07329366551495248,-0.08481231041229448,-0.09242711908569218,-0.09603274440763013,-0.09573758083872802,-0.09182422954186213,-0.0847061324713394,-0.07488420109251209,-0.06290638828684361,-0.049332253557962544,-0.03470373556637394,-0.019522626630903785,-0.0042346695612126735,0.010780224473197524,0.02521241524389623,0.03882255820864744,0.05143818950736143,0.0629478140400561,0.07329335304015139,0.08246168805539501,0.09047590337225479,0.09738669240296524,0.1032642652874087,0.10819098140346203,0.11225483522564365,0.1155438483764313,0.1181413644868835,0.1201222052195668,0.12154962342957176,0.12247298053509767,0.12292607722847873,0.12292607722847873,0.12247298053509767,0.12154962342957176,0.1201222052195668,0.1181413644868835,0.1155438483764313,0.11225483522564365,0.10819098140346203,0.1032642652874087,0.09738669240296524,0.09047590337225479,0.08246168805539501,0.07329335304015139,0.0629478140400561,0.05143818950736143,0.03882255820864744,0.02521241524389623,0.010780224473197524,-0.0042346695612126735,-0.019522626630903785,-0.03470373556637394,-0.049332253557962544,-0.06290638828684361,-0.07488420109251209,-0.0847061324713394,-0.09182422954186213,-0.09573758083872802,-0.09603274440763013,-0.09242711908569218,-0.08481231041229448,-0.07329366551495248,-0.058221409097239565,-0.0402083448620944,-0.020129049242266328,0.0009039670197524728,0.021590387067495633,0.04051970029788532,0.05627464318629486,0.0675553066586418,0.07331486460312286,0.07289405592194108,0.06613837806443759,0.05348011343759115,0.035967523774353465,0.015226426687255445,-0.0066547174358564665,-0.02731616820924961,-0.04438335386255481,-0.05576452799247511,-0.05995390010504278],[-0.056837594557184956,-0.046170509789500026,-0.029361989640774674,-0.008553425877257595,0.013762803054882427,0.03507071356116428,0.053118605682531725,0.06613837806443759,0.07298125687808119,0.07316803158534708,0.06686247828585554,0.05478390579332951,0.03807852425852054,0.01816996045444777,-0.0033926016386175545,-0.025073677620159104,-0.04546750632609289,-0.06338469960165224,-0.07790747462199395,-0.08841478144901027,-0.09458108255700548,-0.09635404917658456,-0.09391709627589358,-0.08764263647217793,-0.07804137712059264,-0.06571210036131307,-0.051295320637350934,-0.03543314499648272,-0.01873666936492357,-0.001761394392893036,0.015009528647390764,0.031174899636952174,0.04641891033619201,0.06050957665682295,0.07329335304015128,0.08468706492855825,0.09466817765477155,0.1032642652874087,0.11054237240761862,0.11659879182153939,0.12154962342957171,0.12552234124039588,0.12864848070593737,0.1310574683327205,0.13287154912364077,0.13420172278018833,0.13514457398867039,0.1357798724717659,0.13616882176355855,0.13635284901576808,0.13635284901576808,0.13616882176355855,0.1357798724717659,0.13514457398867039,0.13420172278018833,0.13287154912364077,0.1310574683327205,0.12864848070593737,0.12552234124039588,0.12154962342957171,0.11659879182153939,0.11054237240761862,0.1032642652874087,0.09466817765477155,0.08468706492855825,0.07329335304015128,0.06050957665682295,0.04641891033619201,0.031174899636952174,0.015009528647390764,-0.001761394392893036,-0.01873666936492357,-0.03543314499648272,-0.051295320637350934,-0.06571210036131307,-0.07804137712059264,-0.08764263647217793,-0.09391709627589358,-0.09635404917658456,-0.09458108255700548,-0.08841478144901027,-0.07790747462199395,-0.06338469960165224,-0.04546750632609289,-0.025073677620159104,-0.0033926016386175545,0.01816996045444777,0.03807852425852054,0.05478390579332951,0.06686247828585554,0.07316803158534708,0.07298125687808119,0.06613837806443759,0.053118605682531725,0.03507071356116428,0.013762803054882427,-0.008553425877257595,-0.029361989640774674,-0.046170509789500026,-0.056837594557184956],[-0.04839847844436039,-0.032143070340265846,-0.011373505006109655,0.011318537552015432,0.033260018639209764,0.0520192108181888,0.06565800487107233,0.07289405592194108,0.07316803158534708,0.0666237752067068,0.05401811422359737,0.036581990478431484,0.01585585529170467,-0.006479435171624833,-0.0287587536826301,-0.04946327355683362,-0.06731804141427382,-0.08135389006979246,-0.09093498923816619,-0.09575624609535693,-0.09581658958491601,-0.0913749880283043,-0.08289603175769568,-0.07099127585358866,-0.05636150336484464,-0.039743837469287585,-0.02186636709699478,-0.003411777147099992,0.015009528647390868,0.03287711541687556,0.04976988766973569,0.06536837418767025,0.0794513358174364,0.09188813455311089,0.1026282227033922,0.11168895771012753,0.11914275281241411,0.12510436197095567,0.12971888884457447,0.13315091780583876,0.1355749984566888,0.13716757805025534,0.13810036956443436,0.13853506551294714,0.1386192560507643,0.13848338087575587,0.13823853393164642,0.13797494418025427,0.137760971291568,0.13764247903868929,0.13764247903868929,0.137760971291568,0.13797494418025427,0.13823853393164642,0.13848338087575587,0.1386192560507643,0.13853506551294714,0.13810036956443436,0.13716757805025534,0.1355749984566888,0.13315091780583876,0.12971888884457447,0.12510436197095567,0.11914275281241411,0.11168895771012753,0.1026282227033922,0.09188813455311089,0.0794513358174364,0.06536837418767025,0.04976988766973569,0.03287711541687556,0.015009528647390868,-0.003411777147099992,-0.02186636709699478,-0.039743837469287585,-0.05636150336484464,-0.07099127585358866,-0.08289603175769568,-0.0913749880283043,-0.09581658958491601,-0.09575624609535693,-0.09093498923816619,-0.08135389006979246,-0.06731804141427382,-0.04946327355683362,-0.0287587536826301,-0.006479435171624833,0.01585585529170467,0.036581990478431484,0.05401811422359737,0.0666237752067068,0.07316803158534708,0.07289405592194108,0.06565800487107233,0.0520192108181888,0.033260018639209764,0.011318537552015432,-0.011373505006109655,-0.032143070340265846,-0.04839847844436039],[-0.03556665155898928,-0.015073271146673643,0.00789181812941219,0.03050436706180833,0.050138647182591,0.06465794381737491,0.07260946142315387,0.07331486460312286,0.06686247828585554,0.05401811422359737,0.036077981271965716,0.014689346158352396,-0.008336747295191698,-0.03120031020555246,-0.052259791976741,-0.07014288211953008,-0.0838171429396773,-0.0926215567000774,-0.09626356412135909,-0.09478839938104168,-0.08852856987916724,-0.07804137712059264,-0.0640416753175617,-0.047335876592393515,-0.028761775867122013,-0.009137284162996445,0.01078022447319742,0.030323431600059406,0.04893387112961085,0.06617108514408467,0.08171363733370611,0.09535368205804409,0.1069868108467391,0.11659879182153939,0.12425062447212377,0.13006309056609283,0.13420172278018833,0.13686285938353943,0.13826122220811737,0.1386192560507643,0.1381583051898208,0.13709157751647263,0.1356187567365661,0.1339220643067801,0.13216354045206025,0.1304833027543167,0.12899854661785476,0.12780307014116365,0.12696713297639362,0.12653749178848733,0.12653749178848733,0.12696713297639362,0.12780307014116365,0.12899854661785476,0.1304833027543167,0.13216354045206025,0.1339220643067801,0.1356187567365661,0.13709157751647263,0.1381583051898208,0.1386192560507643,0.13826122220811737,0.13686285938353943,0.13420172278018833,0.13006309056609283,0.12425062447212377,0.11659879182153939,0.1069868108467391,0.09535368205804409,0.08171363733370611,0.06617108514408467,0.04893387112961085,0.030323431600059406,0.01078022447319742,-0.009137284162996445,-0.028761775867122013,-0.047335876592393515,-0.0640416753175617,-0.07804137712059264,-0.08852856987916724,-0.09478839938104168,-0.09626356412135909,-0.0926215567000774,-0.0838171429396773,-0.07014288211953008,-0.052259791976741,-0.03120031020555246,-0.008336747295191698,0.014689346158352396,0.036077981271965716,0.05401811422359737,0.06686247828585554,0.07331486460312286,0.07260946142315387,0.06465794381737491,0.050138647182591,0.03050436706180833,0.00789181812941219,-0.015073271146673643,-0.03556665155898928],[-0.019584050768482686,0.0034910975346963556,0.026764914874849083,0.04740930911339422,0.0630615965131498,0.07205906046598767,0.07356014521131685,0.0675553066586418,0.05478390579332951,0.036581990478431484,0.014689346158352396,-0.008956525426599752,-0.032415735650663455,-0.053912719250637606,-0.07196300342540322,-0.08545511702889821,-0.0936882263917432,-0.09637028521190583,-0.09358423692396536,-0.08573116988994442,-0.07345950093442918,-0.05758853111062373,-0.03903338227520897,-0.018736669364923762,0.0023894679939861865,0.023508976906757496,0.04389454664067711,0.062947814040056,0.08020841639038884,0.09535368205804402,0.1081909814034619,0.11864478246608332,0.12674032233237317,0.13258556830069193,0.13635284901576805,0.13826122220811737,0.1385603408532041,0.13751630290810635,0.1353997329284438,0.1324761520680067,0.12899854661785481,0.12520194136422164,0.12129971755148734,0.11748138000190006,0.1139114676068311,0.11072930994083896,0.1080493548370196,0.10596182297502574,0.10453348240959297,0.10380837597805324,0.10380837597805324,0.10453348240959297,0.10596182297502574,0.1080493548370196,0.11072930994083896,0.1139114676068311,0.11748138000190006,0.12129971755148734,0.12520194136422164,0.12899854661785481,0.1324761520680067,0.1353997329284438,0.13751630290810635,0.1385603408532041,0.13826122220811737,0.13635284901576805,0.13258556830069193,0.12674032233237317,0.11864478246608332,0.1081909814034619,0.09535368205804402,0.08020841639038884,0.062947814040056,0.04389454664067711,0.023508976906757496,0.0023894679939861865,-0.018736669364923762,-0.03903338227520897,-0.05758853111062373,-0.07345950093442918,-0.08573116988994442,-0.09358423692396536,-0.09637028521190583,-0.0936882263917432,-0.08545511702889821,-0.07196300342540322,-0.053912719250637606,-0.032415735650663455,-0.008956525426599752,0.014689346158352396,0.036581990478431484,0.05478390579332951,0.0675553066586418,0.07356014521131685,0.07205906046598767,0.0630615965131498,0.04740930911339422,0.026764914874849083,0.0034910975346963556,-0.019584050768482686],[-0.001854142568064863,0.022004520469931073,0.04374634636362066,0.060759395290390726,0.07113086413408783,0.07380726631048576,0.0686319537290945,0.05627464318629486,0.03807852425852054,0.01585585529170467,-0.008336747295191698,-0.032415735650663455,-0.054459338281440596,-0.07285344670499318,-0.08638791555895009,-0.09430297832696496,-0.09629053775889478,-0.0924585061219336,-0.08326816977941583,-0.06945494021842719,-0.051942140041338694,-0.031756007256134214,-0.009948221681402233,0.012469746487645912,0.0345780697384496,0.055585032781422565,0.07484910594816895,0.0918881345531108,0.10637774705999167,0.11814136448688345,0.12713422107117814,0.13342364672009954,0.13716757805025534,0.1385929124643201,0.1379749441802543,0.13561875673656615,0.1318431167869158,0.12696713297639367,0.12129971755148734,0.11513171734335678,0.10873046098341035,0.10233639420933151,0.09616143719240045,0.09038868899758912,0.08517311705482035,0.08064289724356867,0.0769011073766166,0.07402751922848122,0.07208027868592284,0.0710973080693624,0.0710973080693624,0.07208027868592284,0.07402751922848122,0.0769011073766166,0.08064289724356867,0.08517311705482035,0.09038868899758912,0.09616143719240045,0.10233639420933151,0.10873046098341035,0.11513171734335678,0.12129971755148734,0.12696713297639367,0.1318431167869158,0.13561875673656615,0.1379749441802543,0.1385929124643201,0.13716757805025534,0.13342364672009954,0.12713422107117814,0.11814136448688345,0.10637774705999167,0.0918881345531108,0.07484910594816895,0.055585032781422565,0.0345780697384496,0.012469746487645912,-0.009948221681402233,-0.031756007256134214,-0.051942140041338694,-0.06945494021842719,-0.08326816977941583,-0.0924585061219336,-0.09629053775889478,-0.09430297832696496,-0.08638791555895009,-0.07285344670499318,-0.054459338281440596,-0.032415735650663455,-0.008336747295191698,0.01585585529170467,0.03807852425852054,0.05627464318629486,0.0686319537290945,0.07380726631048576,0.07113086413408783,0.060759395290390726,0.04374634636362066,0.022004520469931073,-0.001854142568064863],[0.016200512907276046,0.03905807123823168,0.057615873438455985,0.06967290300436259,0.0739120796069064,0.06997387505666404,0.05840674722938772,0.04051970029788532,0.01816996045444777,-0.006479435171624833,-0.03120031020555246,-0.053912719250637606,-0.07285344670499318,-0.08669038295045986,-0.09458108255700548,-0.09617988696367916,-0.09160224525349962,-0.08135725363457551,-0.06626014969423372,-0.047335876592393356,-0.025723272630136164,-0.002587338477931009,0.020955264061893013,0.04389454664067741,0.06536837418767036,0.08468706492855835,0.10134312125558319,0.11500852037762181,0.12552234124039596,0.13287154912364083,0.13716757805025537,0.1386210187053211,0.13751630290810632,0.13418782990179423,0.1289985466178547,0.1223216024070539,0.11452536567124194,0.10596182297502556,0.0969581808550688,0.0878113518617602,0.07878492139187382,0.07010815107840394,0.061976568048638055,0.05455370794304799,0.04797361500367163,0.04234374798327244,0.03774799078044411,0.03424951770829875,0.03189331261505515,0.030708187294756363,0.030708187294756363,0.03189331261505515,0.03424951770829875,0.03774799078044411,0.04234374798327244,0.04797361500367163,0.05455370794304799,0.061976568048638055,0.07010815107840394,0.07878492139187382,0.0878113518617602,0.0969581808550688,0.10596182297502556,0.11452536567124194,0.1223216024070539,0.1289985466178547,0.13418782990179423,0.13751630290810632,0.1386210187053211,0.13716757805025537,0.13287154912364083,0.12552234124039596,0.11500852037762181,0.10134312125558319,0.08468706492855835,0.06536837418767036,0.04389454664067741,0.020955264061893013,-0.002587338477931009,-0.025723272630136164,-0.047335876592393356,-0.06626014969423372,-0.08135725363457551,-0.09160224525349962,-0.09617988696367916,-0.09458108255700548,-0.08669038295045986,-0.07285344670499318,-0.053912719250637606,-0.03120031020555246,-0.006479435171624833,0.01816996045444777,0.04051970029788532,0.05840674722938772,0.06997387505666404,0.0739120796069064,0.06967290300436259,0.057615873438455985,0.03905807123823168,0.016200512907276046],[0.033260018639209986,0.05348011343759115,0.06749931084780977,0.07368478772371626,0.07141286943945355,0.06105046706433347,0.0438211862192059,0.021590387067495633,-0.0033926016386175545,-0.0287587536826301,-0.052259791976741,-0.07196300342540322,-0.08638791555895009,-0.09458108255700548,-0.09613250144118156,-0.091142462150979,-0.08015079518200754,-0.06404167531756157,-0.0439367183193014,-0.02108751284003092,0.0032235790737153505,0.02776812730650678,0.05143818950736153,0.07329335304015148,0.09258876279674591,0.10878600777996726,0.12154962342957176,0.13073241023530394,0.1363528490157681,0.13856769835500854,0.13764247903868926,0.13392206430678005,0.12780307014116363,0.11970922773591118,0.11007045622752319,0.09930595907629804,0.0878113518617602,0.07594959335571094,0.06404532990254314,0.05238216575844932,0.0412023275411354,0.030708187294756363,0.021065134488527107,0.012405332470282793,0.0048319511058084975,-0.0015764720184045582,-0.006761829172764653,-0.010682629477130001,-0.01331075461935246,-0.01462891734699152,-0.01462891734699152,-0.01331075461935246,-0.010682629477130001,-0.006761829172764653,-0.0015764720184045582,0.0048319511058084975,0.012405332470282793,0.021065134488527107,0.030708187294756363,0.0412023275411354,0.05238216575844932,0.06404532990254314,0.07594959335571094,0.0878113518617602,0.09930595907629804,0.11007045622752319,0.11970922773591118,0.12780307014116363,0.13392206430678005,0.13764247903868926,0.13856769835500854,0.1363528490157681,0.13073241023530394,0.12154962342957176,0.10878600777996726,0.09258876279674591,0.07329335304015148,0.05143818950736153,0.02776812730650678,0.0032235790737153505,-0.02108751284003092,-0.0439367183193014,-0.06404167531756157,-0.08015079518200754,-0.091142462150979,-0.09613250144118156,-0.09458108255700548,-0.08638791555895009,-0.07196300342540322,-0.052259791976741,-0.0287587536826301,-0.0033926016386175545,0.021590387067495633,0.0438211862192059,0.06105046706433347,0.07141286943945355,0.07368478772371626,0.06749931084780977,0.05348011343759115,0.033260018639209986],[0.04820023133056713,0.06439983560848847,0.07289405592194106,0.07273035710549086,0.06402558138472224,0.047855914262798595,0.026046811275936246,0.0009039670197524728,-0.025073677620159104,-0.04946327355683362,-0.07014288211953008,-0.08545511702889821,-0.09430297832696496,-0.09617988696367916,-0.091142462150979,-0.07973873857062273,-0.06290638828684361,-0.041855436045252006,-0.01794841941476084,0.007411528557259915,0.03287711541687566,0.057233239573389445,0.0794513358174364,0.09872202020131074,0.11446800519418417,0.12634035435720004,0.13420172278018835,0.1381003695644344,0.13823853393164642,0.13493834172373909,0.12860785026566196,0.11970922773591118,0.10873046098341019,0.09616143719240025,0.08247477694868537,0.06811142180305169,0.05347069994448302,0.03890440276672084,0.02471429162770399,0.01115240410138977,-0.0015764720184045582,-0.013310754619352301,-0.02392699381168303,-0.03333424034274913,-0.041468253117621985,-0.04828587050524435,-0.053759803019350336,-0.05787404568546343,-0.06062005792180595,-0.06199381697755949,-0.06199381697755949,-0.06062005792180595,-0.05787404568546343,-0.053759803019350336,-0.04828587050524435,-0.041468253117621985,-0.03333424034274913,-0.02392699381168303,-0.013310754619352301,-0.0015764720184045582,0.01115240410138977,0.02471429162770399,0.03890440276672084,0.05347069994448302,0.06811142180305169,0.08247477694868537,0.09616143719240025,0.10873046098341019,0.11970922773591118,0.12860785026566196,0.13493834172373909,0.13823853393164642,0.1381003695644344,0.13420172278018835,0.12634035435720004,0.11446800519418417,0.09872202020131074,0.0794513358174364,0.057233239573389445,0.03287711541687566,0.007411528557259915,-0.01794841941476084,-0.041855436045252006,-0.06290638828684361,-0.07973873857062273,-0.091142462150979,-0.09617988696367916,-0.09430297832696496,-0.08545511702889821,-0.07014288211953008,-0.04946327355683362,-0.025073677620159104,0.0009039670197524728,0.026046811275936246,0.047855914262798595,0.06402558138472224,0.07273035710549086,0.07289405592194106,0.06439983560848847,0.04820023133056713],[0.06015380187007058,0.07127460465589637,0.07365861126164626,0.06709730662583116,0.052446346218655376,0.03143038980077495,0.006369275392644858,-0.020129049242266328,-0.04546750632609289,-0.06731804141427382,-0.0838171429396773,-0.0936882263917432,-0.09629053775889478,-0.09160224525349962,-0.08015079518200754,-0.06290638828684361,-0.04115489627934884,-0.016365192796171824,0.009936692669762012,0.036277400497965816,0.061324210051396634,0.08394844644511484,0.1032642652874087,0.11864478246608337,0.12971888884457447,0.1363528490157681,0.1386210187053211,0.1367698423626071,0.13117883276458805,0.12232160240705398,0.11072930994083889,0.09695818085506888,0.08156211499808029,0.06507083887392703,0.0479736150036719,0.030708187294756505,0.013654413710421701,-0.002868097400140004,-0.01859908950350953,-0.03333424034274897,-0.046919923579480695,-0.05924677829223753,-0.07024262982130183,-0.07986521522024395,-0.08809507862997028,-0.0949289212333505,-0.10037362007786718,-0.10444107133567031,-0.10714396659389087,-0.10849257466859097,-0.10849257466859097,-0.10714396659389087,-0.10444107133567031,-0.10037362007786718,-0.0949289212333505,-0.08809507862997028,-0.07986521522024395,-0.07024262982130183,-0.05924677829223753,-0.046919923579480695,-0.03333424034274897,-0.01859908950350953,-0.002868097400140004,0.013654413710421701,0.030708187294756505,0.0479736150036719,0.06507083887392703,0.08156211499808029,0.09695818085506888,0.11072930994083889,0.12232160240705398,0.13117883276458805,0.1367698423626071,0.1386210187053211,0.1363528490157681,0.12971888884457447,0.11864478246608337,0.1032642652874087,0.08394844644511484,0.061324210051396634,0.036277400497965816,0.009936692669762012,-0.016365192796171824,-0.04115489627934884,-0.06290638828684361,-0.08015079518200754,-0.09160224525349962,-0.09629053775889478,-0.0936882263917432,-0.0838171429396773,-0.06731804141427382,-0.04546750632609289,-0.020129049242266328,0.006369275392644858,0.03143038980077495,0.052446346218655376,0.06709730662583116,0.07365861126164626,0.07127460465589637,0.06015380187007058],[0.06853968872898075,0.07388551194417181,0.06997387505666412,0.05735645597558265,0.037582285565827066,0.01292841831168615,-0.013922179674435922,-0.0402083448620944,-0.06338469960165224,-0.08135389006979246,-0.0926215567000774,-0.09637028521190583,-0.0924585061219336,-0.08135725363457551,-0.06404167531756157,-0.041855436045252006,-0.016365192796171824,0.010780224473197524,0.03797474471202443,0.0637566927691878,0.08688334417136338,0.10637774705999174,0.12154962342957171,0.13199388212579063,0.13757128003863614,0.13837614637816384,0.1346959651464293,0.12696713297639362,0.11573050831906961,0.10158956142133957,0.08517311705482024,0.06710392237310377,0.04797361500367176,0.028324134694859806,0.008635221720480727,-0.010682629477129842,-0.029290556703939454,-0.046919923579480695,-0.0633679876697186,-0.07849145943969933,-0.09219868359126629,-0.10444107133567031,-0.1152043028935141,-0.12449971303001575,-0.13235617492916954,-0.13881271298017764,-0.1439120049219496,-0.1476948785726556,-0.150195867247264,-0.15143985934267598,-0.15143985934267598,-0.150195867247264,-0.1476948785726556,-0.1439120049219496,-0.13881271298017764,-0.13235617492916954,-0.12449971303001575,-0.1152043028935141,-0.10444107133567031,-0.09219868359126629,-0.07849145943969933,-0.0633679876697186,-0.046919923579480695,-0.029290556703939454,-0.010682629477129842,0.008635221720480727,0.028324134694859806,0.04797361500367176,0.06710392237310377,0.08517311705482024,0.10158956142133957,0.11573050831906961,0.12696713